function fbraux = fbrAnzatz14(x1,y1,x2,y2,NX1,NY1,NX2,NY2,dtt,c,muu)
%FBRANZATZ14
%    FBRAUX = FBRANZATZ14(X1,Y1,X2,Y2,NX1,NY1,NX2,NY2,DTT,C,MUU)

%    This function was generated by the Symbolic Math Toolbox version 8.3.
%    05-Nov-2019 00:32:56

t2 = c.^2;
t3 = c.^3;
t4 = x1.*2.0;
t5 = x2.*2.0;
t6 = y1.*2.0;
t7 = y2.*2.0;
t8 = -x2;
t10 = -y2;
t9 = -t5;
t11 = -t7;
t12 = t8+x1;
t13 = t10+y1;
t14 = t4+t9;
t15 = t12.^2;
t16 = t6+t11;
t17 = t13.^2;
t18 = t14.^2;
t19 = t16.^2;
t20 = t16.^3;
t21 = t15+t17;
t22 = c.*t21;
t23 = t22+1.0;
t24 = 1.0./t23.^(5.0./2.0);
t25 = 1.0./t23.^(7.0./2.0);
t26 = t2.*t14.*t24.*3.0;
t27 = t2.*t16.*t24.*3.0;
t28 = t3.*t20.*t25.*(1.5e+1./8.0);
t30 = t3.*t14.*t19.*t25.*(1.5e+1./4.0);
t32 = t3.*t16.*t18.*t25.*(1.5e+1./8.0);
t29 = -t28;
t31 = -t30;
t33 = t26+t31;
t34 = t27+t29+t32;
fbraux = NX2.*(NX2.*muu.*t34-NY2.*muu.*t33)-NY2.*(NX2.*muu.*t33+NY2.*muu.*t34);
