function fbraux = fbrGram42(x1,y1,x2,y2,NX1,NY1,NX2,NY2,dtt,c,muu)
%FBRGRAM42
%    FBRAUX = FBRGRAM42(X1,Y1,X2,Y2,NX1,NY1,NX2,NY2,DTT,C,MUU)

%    This function was generated by the Symbolic Math Toolbox version 8.3.
%    05-Nov-2019 00:32:14

t2 = c.^2;
t3 = c.^3;
t5 = c.^5;
t6 = x1.*2.0;
t7 = x2.*2.0;
t8 = y1.*2.0;
t9 = y2.*2.0;
t10 = -x2;
t12 = -y2;
t4 = t2.^2;
t11 = -t7;
t13 = -t9;
t14 = t10+x1;
t15 = t12+y1;
t16 = t6+t11;
t17 = t14.^2;
t18 = t8+t13;
t19 = t15.^2;
t20 = t16.^2;
t21 = t16.^3;
t23 = t16.^5;
t24 = t18.^2;
t25 = t18.^3;
t27 = t17+t19;
t22 = t20.^2;
t26 = t24.^2;
t28 = c.*t27;
t29 = t28+1.0;
t30 = 1.0./t29.^(5.0./2.0);
t31 = 1.0./t29.^(7.0./2.0);
t32 = 1.0./t29.^(9.0./2.0);
t33 = 1.0./t29.^(1.1e+1./2.0);
t34 = t2.*t16.*t30.*3.0;
t35 = t2.*t18.*t30.*3.0;
t36 = t3.*t18.*t31.*4.5e+1;
t37 = t3.*t16.*t31.*9.0e+1;
t38 = t3.*t21.*t31.*(1.5e+1./8.0);
t40 = t4.*t25.*t32.*(1.05e+2./4.0);
t41 = t4.*t21.*t32.*(1.05e+2./8.0);
t43 = t4.*t21.*t32.*(9.45e+2./8.0);
t44 = t5.*t23.*t33.*(9.45e+2./3.2e+1);
t46 = t3.*t18.*t20.*t31.*(1.5e+1./4.0);
t48 = t3.*t16.*t24.*t31.*(1.5e+1./8.0);
t49 = t4.*t18.*t20.*t32.*(3.15e+2./2.0);
t50 = t4.*t18.*t20.*t32.*(3.15e+2./4.0);
t53 = t4.*t16.*t24.*t32.*(3.15e+2./8.0);
t55 = t5.*t18.*t22.*t33.*(9.45e+2./1.6e+1);
t56 = t5.*t16.*t26.*t33.*(9.45e+2./3.2e+1);
t57 = t5.*t20.*t25.*t33.*(9.45e+2./1.6e+1);
t58 = t5.*t21.*t24.*t33.*(9.45e+2./3.2e+1);
t39 = -t38;
t42 = -t40;
t45 = -t43;
t47 = -t46;
t51 = -t49;
t52 = -t50;
t54 = -t53;
t59 = -t58;
t60 = t35+t47;
t61 = t34+t39+t48;
t62 = t36+t51+t55;
t63 = t36+t42+t52+t57;
t64 = t41+t54+t56+t59;
t65 = t37+t44+t45+t53+t59;
fbraux = NX2.*(NX2.*muu.*t61+NY2.*muu.*t60)+NY2.*(NX2.*muu.*t60-NY2.*muu.*t61)+dtt.*muu.*(NX2.*(NX2.*muu.*t65+NY2.*muu.*t62)-NX2.*(NX2.*muu.*t64-NY2.*muu.*t63)+NY2.*(NX2.*muu.*t63+NY2.*muu.*t64)+NY2.*(NX2.*muu.*t62-NY2.*muu.*t65));
