function fbraux = fbrGram44(x1,y1,x2,y2,NX1,NY1,NX2,NY2,dtt,c,muu)
%FBRGRAM44
%    FBRAUX = FBRGRAM44(X1,Y1,X2,Y2,NX1,NY1,NX2,NY2,DTT,C,MUU)

%    This function was generated by the Symbolic Math Toolbox version 8.3.
%    05-Nov-2019 00:32:51

t2 = NX1.^2;
t3 = NX2.^2;
t4 = NY1.^2;
t5 = NY2.^2;
t6 = c.^2;
t7 = c.^3;
t9 = muu.^2;
t10 = x1.*2.0;
t11 = x2.*2.0;
t12 = y1.*2.0;
t13 = y2.*2.0;
t14 = -x2;
t16 = -y2;
t8 = t6.^2;
t15 = -t11;
t17 = -t13;
t18 = t14+x1;
t19 = t16+y1;
t20 = t10+t15;
t21 = t18.^2;
t22 = t12+t17;
t23 = t19.^2;
t24 = t20.^2;
t25 = t20.^3;
t27 = t22.^2;
t28 = t22.^3;
t30 = t21+t23;
t26 = t24.^2;
t29 = t27.^2;
t31 = c.*t30;
t32 = t31+1.0;
t33 = 1.0./t32.^(5.0./2.0);
t34 = 1.0./t32.^(7.0./2.0);
t35 = 1.0./t32.^(9.0./2.0);
fbraux = t2.*t3.*t6.*t9.*t33.*1.2e+1-t2.*t5.*t6.*t9.*t33.*1.2e+1-t3.*t4.*t6.*t9.*t33.*1.2e+1+t4.*t5.*t6.*t9.*t33.*1.2e+1-t2.*t3.*t7.*t9.*t24.*t34.*1.5e+1+t2.*t5.*t7.*t9.*t24.*t34.*1.5e+1+t3.*t4.*t7.*t9.*t24.*t34.*1.5e+1-t2.*t3.*t7.*t9.*t27.*t34.*1.5e+1+t2.*t3.*t8.*t9.*t26.*t35.*(1.05e+2./1.6e+1)-t4.*t5.*t7.*t9.*t24.*t34.*1.5e+1+t2.*t5.*t7.*t9.*t27.*t34.*1.5e+1+t3.*t4.*t7.*t9.*t27.*t34.*1.5e+1-t2.*t5.*t8.*t9.*t26.*t35.*(1.05e+2./1.6e+1)-t3.*t4.*t8.*t9.*t26.*t35.*(1.05e+2./1.6e+1)+t2.*t3.*t8.*t9.*t29.*t35.*(1.05e+2./1.6e+1)-t4.*t5.*t7.*t9.*t27.*t34.*1.5e+1+t4.*t5.*t8.*t9.*t26.*t35.*(1.05e+2./1.6e+1)-t2.*t5.*t8.*t9.*t29.*t35.*(1.05e+2./1.6e+1)-t3.*t4.*t8.*t9.*t29.*t35.*(1.05e+2./1.6e+1)+t4.*t5.*t8.*t9.*t29.*t35.*(1.05e+2./1.6e+1)-t2.*t3.*t8.*t9.*t24.*t27.*t35.*(1.05e+2./8.0)+t2.*t5.*t8.*t9.*t24.*t27.*t35.*(1.05e+2./8.0)+t3.*t4.*t8.*t9.*t24.*t27.*t35.*(1.05e+2./8.0)-t4.*t5.*t8.*t9.*t24.*t27.*t35.*(1.05e+2./8.0)+NX1.*NX2.*NY1.*NY2.*t6.*t9.*t33.*4.8e+1-NX1.*NX2.*NY1.*NY2.*t7.*t9.*t24.*t34.*6.0e+1-NX1.*NX2.*NY1.*NY2.*t7.*t9.*t27.*t34.*6.0e+1+NX1.*NY1.*t3.*t8.*t9.*t22.*t25.*t35.*(1.05e+2./4.0)-NX1.*NY1.*t3.*t8.*t9.*t20.*t28.*t35.*(1.05e+2./4.0)+NX2.*NY2.*t2.*t8.*t9.*t22.*t25.*t35.*(1.05e+2./4.0)-NX1.*NY1.*t5.*t8.*t9.*t22.*t25.*t35.*(1.05e+2./4.0)-NX2.*NY2.*t2.*t8.*t9.*t20.*t28.*t35.*(1.05e+2./4.0)+NX1.*NY1.*t5.*t8.*t9.*t20.*t28.*t35.*(1.05e+2./4.0)-NX2.*NY2.*t4.*t8.*t9.*t22.*t25.*t35.*(1.05e+2./4.0)+NX2.*NY2.*t4.*t8.*t9.*t20.*t28.*t35.*(1.05e+2./4.0)+NX1.*NX2.*NY1.*NY2.*t8.*t9.*t24.*t27.*t35.*1.05e+2;
