function fbraux = fbrGram14(x1,y1,x2,y2,NX1,NY1,NX2,NY2,dtt,c,muu)
%FBRGRAM14
%    FBRAUX = FBRGRAM14(X1,Y1,X2,Y2,NX1,NY1,NX2,NY2,DTT,C,MUU)

%    This function was generated by the Symbolic Math Toolbox version 8.3.
%    05-Nov-2019 00:32:41

t2 = NX1.^2;
t3 = NY1.^2;
t4 = c.^2;
t5 = c.^3;
t7 = c.^5;
t8 = muu.^2;
t9 = x1.*2.0;
t10 = x2.*2.0;
t11 = y1.*2.0;
t12 = y2.*2.0;
t13 = -x2;
t15 = -y2;
t6 = t4.^2;
t14 = -t10;
t16 = -t12;
t17 = t13+x1;
t18 = t15+y1;
t19 = t9+t14;
t20 = t17.^2;
t21 = t11+t16;
t22 = t18.^2;
t23 = t19.^2;
t24 = t19.^3;
t26 = t21.^2;
t27 = t21.^3;
t28 = t21.^5;
t29 = t20+t22;
t25 = t23.^2;
t30 = c.*t29;
t31 = t30+1.0;
t32 = 1.0./t31.^(5.0./2.0);
t33 = 1.0./t31.^(7.0./2.0);
t34 = 1.0./t31.^(9.0./2.0);
t35 = 1.0./t31.^(1.1e+1./2.0);
fbraux = muu.*t2.*t4.*t21.*t32.*-3.0+muu.*t3.*t4.*t21.*t32.*3.0+muu.*t2.*t5.*t27.*t33.*(1.5e+1./8.0)-muu.*t3.*t5.*t27.*t33.*(1.5e+1./8.0)-dtt.*t2.*t5.*t8.*t21.*t33.*9.0e+1+dtt.*t3.*t5.*t8.*t21.*t33.*9.0e+1+dtt.*t2.*t6.*t8.*t27.*t34.*(5.25e+2./4.0)-dtt.*t3.*t6.*t8.*t27.*t34.*(5.25e+2./4.0)-dtt.*t2.*t7.*t8.*t28.*t35.*(9.45e+2./3.2e+1)+dtt.*t3.*t7.*t8.*t28.*t35.*(9.45e+2./3.2e+1)-muu.*t2.*t5.*t21.*t23.*t33.*(1.5e+1./8.0)+muu.*t3.*t5.*t21.*t23.*t33.*(1.5e+1./8.0)+NX1.*NY1.*muu.*t4.*t19.*t32.*6.0+NX1.*NY1.*dtt.*t5.*t8.*t19.*t33.*1.8e+2-NX1.*NY1.*dtt.*t6.*t8.*t24.*t34.*(1.05e+2./2.0)-NX1.*NY1.*muu.*t5.*t19.*t26.*t33.*(1.5e+1./2.0)-dtt.*t2.*t6.*t8.*t21.*t23.*t34.*(3.15e+2./4.0)+dtt.*t3.*t6.*t8.*t21.*t23.*t34.*(3.15e+2./4.0)+dtt.*t2.*t7.*t8.*t21.*t25.*t35.*(9.45e+2./3.2e+1)-dtt.*t3.*t7.*t8.*t21.*t25.*t35.*(9.45e+2./3.2e+1)+NX1.*NY1.*dtt.*t7.*t8.*t19.*t26.^2.*t35.*(9.45e+2./8.0)-NX1.*NY1.*dtt.*t6.*t8.*t19.*t26.*t34.*(9.45e+2./2.0)+NX1.*NY1.*dtt.*t7.*t8.*t24.*t26.*t35.*(9.45e+2./8.0);
